[
   [
      [
         [0.       0.        0.8193795  ...   0.18163636  0.66018     0.5755408 ]
         [0.       0.        0.12765658 ...   0.005549    0.8395452   4.986592  ]
         [0.       0.        0.12025791 ...   0.0094876   0.8251674   4.9922347 ]
                               ...  
         [0.       1.        0.          ...   0.          0.          0.        ]
         [0.       1.        0.          ...   0.          0.          0.        ]
         [0.       1.        0.          ...   0.          0.          0.        ]

      ]
   ]
]